131
969
622
1283
1286
302
953
43
229
836
538
688
1232
130
1273
245
210
1035
551
231
469
866
1017
1097
941
868
9
296
1138
257
1152
28
1309
936
1165
1322
87
427
982
20
1000
1094
645
1314
113
1325
1305
901
1207
755
1126
900
61
199
1052
1351
268
698
864
1193
281
1252
1138
810
347
21
627
1114
1169
1248
1354
809
852
1267
139
306
1134
306
1363
1312
215
1097
1164
856
1263
312
1392
1142
309
369
629
972
835
1206
316
649
1038
559
501
196
958
843
732
644
630
311
800
91
134
1166
543
282
999
664
1226
419
466
271
1039
459
572
940
617
139
326
989
1059
339
1129
1150
666
1147
773
1065
521
895
705
76
134
1189
1383
126
1050
621
183
1325
6
372
483
95
553
398
1386
603
967
1007
446
1211
197
1365
288
961
1143
1046
1106
1155
67
408
1381
1036
591
241
1296
649
685
1349
873
348
944
302
952
113
487
413
182
35
255
939
1308
1290
1133
835
711
739
1089
119
914
749
815
972
387
723
1384
1324
1127
699
302
671
481
242
1172
38
1045
185
1197
780
1179
624
1396
435
246
710
57
760
236
83
779
1275
767
778
401
342
345
526
308
968
183
303
1319
934
564
593
959
294
254
394
526
464
205
1327
634
626
1175
1018
539
104
752
474
738
654
446
590
381
763
483
1383
911
658
996
642
1077
1054
1302
551
764
883
23
1033
431
837
1065
939
341
694
1243
915
424
760
394
933
1296
548
940
127
654
1246
653
916
1021
878
1289
368
732
820
498
175
727
1376
772
26
628
941
795
239
250
777
453
828
475
131
1243
473
683
392
1251
255
169
259
1377
640
723
72
700
1036
575
532
1220
461
1173
75
1209
8
520
1118
1102
1161
1276
297
443
1378
714
110
850
1224
846
664
1049
370
786
679
950
311
276
659
1296
699
292
712
1377
837
1225
1031
642
248
569
668
110
413
375
248
1064
1193
647
44
1393
1120
454
855
736
94
1261
861
854
45
501
1277
1241
385
1061
719
61
596
903
415
627
262
1105
130
1249
973
1247
723
544
1397
63
953
188
940
1229
1008
214
541
1238
1066
933
431
1048
1097
915
137
1127
522
1195
1388
83
57
152
533
69
1348
1160
574
369
854
791
257
798
434
224
272
369
473
814
987
1112
1112
208
799
227
1354
18
912
61
23
352
299
970
471
989
1266
185
951
697
1069
712
525
417
1049
1119
1274
384
873
342
820
507
710
64
1278
218
1211
930
334
1346
417
1269
898
1103
292
550
550
102
249
1392
118
872
197
913
916
1122
891
1008
533
1113
1065
1358
838
659
1360
402
174
656
1382
1311
1263
591
410
361
981
661
1131
1358
1155
1383
101
1136
309
1008
194
1262
303
1342
881
907
1008
1119
1166
1095
75
601
1125
762
524
446
524
160
122
405
1052
1174
78
245
188
555
1208
900
483
451
489
1302
992
701
953
1249
16
717
1151
1053
402
1220
1119
224
1082
699
1029
1215
1249
1136
1307
504
254
824
313
1084
844
891
498
210
479
166
61
278
1371
985
80
1071
459
385
1013
336
323
1233
678
134
563
867
356
1032
754
1387
1366
1140
882
1035
345
853
701
129
580
299
244
436
382
1186
288
151
14
20
1239
589
1222
131
1285
1307
1036
350
972
1036
733
724
945
830
623
1181
373
618
442
341
149
977
1188
1228
47
1107
751
1281
65
1066
65
685
1144
1083
1398
1322
434
381
1269
956
1384
707
477
1135
588
276
1042
944
731
1018
809
1056
903
712
493
1361
1099
1053
589
621
908
1214
443
972
753
760
578
914
367
275
436
19
620
1155
151
823
1278
17
571
119
399
311
1274
1
575
1297
675
287
190
999
19
482
532
519
353
678
615
1248
974
807
745
1042
135
153
564
234
128
845
667
41
22
1399
622
117
1079
900
1025
144
1033
232
106
1117
1037
1333
213
962
175
1207
598
375
1325
844
1370
1389
1008
993
707
298
1219
383
343
369
38
156
859
967
1134
646
1113
1217
1029
882
11
546
1120
242
251
921
1249
956
9
1048
555
1318
1320
904
597
167
1278
488
420
969
958
980
953
1307
411
147
579
1083
556
385
545
967
670
860
383
452
1211
275
747
1103
325
1264
517
609
158
687
1032
1335
664
432
1264
1119
932
190
65
1198
1090
267
984
974
1084
763
1378
565
855
885
727
1399
663
1313
457
677
134
291
534
87
1289
1279
206
861
1150
565
746
947
30
684
1123
762
1340
531
492
99
87
147
1380
182
810
618
1179
440
821
57
551
811
295
1109
378
599
1083
667
211
973
60
668
847
1236
