308
739
862
461
731
475
1013
1354
224
227
894
718
712
1208
217
377
1082
1011
188
85
1016
231
192
1014
1196
1205
974
311
65
1239
1358
770
222
1366
339
798
529
882
852
1393
637
366
773
227
56
589
459
932
1304
476
1285
1147
789
291
399
267
497
905
136
67
1340
1243
596
937
1212
569
764
3
289
237
1305
651
630
729
121
110
866
300
113
936
1023
1089
449
199
818
1212
733
849
272
562
304
355
105
452
405
1190
1283
1033
1178
362
241
1157
1356
189
458
24
558
387
979
1068
658
76
63
1181
129
1127
119
307
724
344
651
1235
874
262
793
200
118
947
1207
457
764
183
344
884
1296
1215
104
952
811
527
5
768
444
967
1019
954
1239
538
1339
1231
68
210
1064
901
718
719
55
488
1055
448
1218
910
245
641
959
1081
595
339
1219
615
206
1250
142
741
674
1303
947
923
1201
895
406
1176
904
1227
209
1261
1166
175
163
342
1266
719
1158
805
160
1388
277
545
1032
525
744
731
1019
977
1340
1240
1370
649
1307
514
1076
306
1188
1113
861
505
120
151
966
184
1370
1377
421
182
872
696
1370
675
1243
87
1227
1178
841
630
109
1111
611
917
591
1016
870
1044
1180
273
226
423
685
231
818
1399
1234
959
119
347
235
1040
1268
133
1143
260
327
775
96
1204
1347
430
401
1034
981
663
1165
40
1266
654
893
294
203
286
70
906
339
825
613
648
886
1056
1392
426
646
854
698
225
69
927
1019
873
289
822
826
156
537
1251
320
1350
1297
90
1274
102
548
368
267
149
334
265
1212
575
796
1397
920
1190
242
1112
760
599
248
472
1152
717
1
25
261
1002
328
724
644
653
777
614
0
309
1000
756
880
1356
337
243
250
1055
436
526
1240
1090
868
152
501
346
396
1313
1084
19
486
117
958
632
1080
1295
358
1249
708
1244
307
239
1027
884
801
1363
1335
1099
156
221
963
622
402
794
336
929
501
501
190
99
362
415
51
261
160
73
933
287
104
30
447
1002
1054
263
154
1101
1082
711
1235
630
630
405
76
1057
580
904
362
742
395
790
473
13
37
405
30
868
600
59
1057
385
864
1169
38
523
310
530
865
106
143
979
11
1158
1059
211
516
1332
785
522
709
349
691
1023
305
393
1339
361
1209
232
842
1256
659
1280
33
901
1077
266
934
1396
154
191
565
1259
745
1096
792
723
814
163
717
675
927
496
371
789
1307
1251
280
1008
1034
1052
122
1213
332
825
567
182
1128
901
1044
1345
243
1025
575
355
1370
624
993
352
454
505
532
615
1042
325
509
971
1027
1256
214
829
323
60
595
606
1170
288
398
553
1091
703
138
965
56
1084
561
920
691
715
1010
1295
465
19
170
811
1083
111
733
151
939
1219
98
1285
137
932
649
1270
81
1096
971
360
522
339
580
363
76
1171
487
965
510
267
950
644
250
1012
572
1146
350
154
945
899
337
1241
849
850
1160
495
1114
874
28
509
736
458
1128
103
303
1240
115
307
69
1006
776
134
1385
835
1205
497
68
704
687
569
491
852
41
862
758
882
564
235
1008
103
567
1212
283
304
803
174
735
240
962
1223
1175
896
444
534
473
887
639
1005
912
674
434
786
935
1014
246
629
1285
184
705
771
1384
878
534
537
367
472
549
852
871
623
980
892
874
630
824
1225
584
133
300
573
83
1379
1083
920
835
812
1012
1258
930
1217
1298
603
533
606
783
1215
712
1093
972
1221
485
1064
606
1373
552
188
703
1081
850
297
30
836
369
87
478
23
465
956
968
923
577
48
1117
383
1212
761
867
394
50
683
1098
981
978
616
1035
279
239
550
1076
620
805
343
1380
839
94
994
1303
259
901
920
357
1177
815
1153
1029
283
193
1125
440
152
97
406
948
343
621
851
551
158
258
1065
1173
796
339
995
719
217
959
25
1305
800
1061
221
1024
610
774
1200
853
59
1031
540
345
618
330
283
1078
145
144
517
567
261
109
1160
1156
391
624
1264
1293
575
918
1071
850
1242
323
1318
1308
842
1244
298
698
1251
1219
146
1147
334
896
533
1276
390
592
130
326
1056
605
535
783
751
930
147
810
805
1249
48
1212
1101
179
417
1053
884
1172
458
1345
728
424
845
385
184
222
801
706
1258
1096
813
344
436
124
291
536
202
259
1344
912
1190
83
424
1061
885
570
320
768
1357
970
1028
924
332
308
399
1263
555
1034
921
1252
570
677
747
450
933
216
1015
572
347
487
931
110
998
128
884
207
526
724
1320
640
320
914
452
1208
