0
1
3
5
6
8
9
11
13
14
16
17
18
19
20
21
22
23
24
25
26
28
30
33
35
37
38
40
41
43
44
45
47
48
50
51
55
56
57
59
60
61
63
64
65
67
68
69
70
72
73
75
76
78
80
81
83
85
87
90
91
94
95
96
97
98
99
101
102
103
104
105
106
109
110
111
113
115
117
118
119
120
121
122
124
126
127
128
129
130
131
133
134
135
136
137
138
139
142
143
144
145
146
147
149
151
152
153
154
156
158
160
163
166
167
169
170
174
175
179
182
183
184
185
188
189
190
191
192
193
194
196
197
199
200
202
203
205
206
207
208
209
210
211
213
214
215
216
217
218
221
222
224
225
226
227
229
231
232
234
235
236
237
239
240
241
242
243
244
245
246
248
249
250
251
254
255
257
258
259
260
261
262
263
265
266
267
268
271
272
273
275
276
277
278
279
280
281
282
283
286
287
288
289
291
292
294
295
296
297
298
299
300
302
303
304
305
306
307
308
309
310
311
312
313
316
320
323
325
326
327
328
330
332
334
336
337
339
341
342
343
344
345
346
347
348
349
350
352
353
355
356
357
358
360
361
362
363
366
367
368
369
370
371
372
373
375
377
378
381
382
383
384
385
387
390
391
392
393
394
395
396
398
399
401
402
405
406
408
410
411
413
415
417
419
420
421
423
424
426
427
430
431
432
434
435
436
440
442
443
444
446
447
448
449
450
451
452
453
454
457
458
459
461
464
465
466
469
471
472
473
474
475
476
477
478
479
481
482
483
485
486
487
488
489
491
492
493
495
496
497
498
501
504
505
507
509
510
514
516
517
519
520
521
522
523
524
525
526
527
529
530
531
532
533
534
535
536
537
538
539
540
541
543
544
545
546
548
549
550
551
552
553
555
556
558
559
561
562
563
564
565
567
569
570
571
572
573
574
575
577
578
579
580
584
588
589
590
591
592
593
595
596
597
598
599
600
601
603
605
606
609
610
611
613
614
615
616
617
618
620
621
622
623
624
626
627
628
629
630
632
634
637
639
640
641
642
644
645
646
647
648
649
651
653
654
656
658
659
661
663
664
666
667
668
670
671
674
675
677
678
679
683
684
685
687
688
691
694
696
697
698
699
700
701
703
704
705
706
707
708
709
710
711
712
714
715
717
718
719
723
724
727
728
729
731
732
733
735
736
738
739
741
742
744
745
746
747
749
751
752
753
754
755
756
758
760
761
762
763
764
767
768
770
771
772
773
774
775
776
777
778
779
780
783
785
786
789
790
791
792
793
794
795
796
798
799
800
801
803
805
807
809
810
811
812
813
814
815
818
820
821
822
823
824
825
826
828
829
830
835
836
837
838
839
841
842
843
844
845
846
847
849
850
851
852
853
854
855
856
859
860
861
862
864
865
866
867
868
870
871
872
873
874
878
880
881
882
883
884
885
886
887
891
892
893
894
895
896
898
899
900
901
903
904
905
906
907
908
910
911
912
913
914
915
916
917
918
920
921
923
924
927
929
930
931
932
933
934
935
936
937
939
940
941
944
945
947
948
950
951
952
953
954
956
958
959
961
962
963
965
966
967
968
969
970
971
972
973
974
977
978
979
980
981
982
984
985
987
989
992
993
994
995
996
998
999
1000
1002
1005
1006
1007
1008
1010
1011
1012
1013
1014
1015
1016
1017
1018
1019
1021
1023
1024
1025
1027
1028
1029
1031
1032
1033
1034
1035
1036
1037
1038
1039
1040
1042
1044
1045
1046
1048
1049
1050
1052
1053
1054
1055
1056
1057
1059
1061
1064
1065
1066
1068
1069
1071
1076
1077
1078
1079
1080
1081
1082
1083
1084
1089
1090
1091
1093
1094
1095
1096
1097
1098
1099
1101
1102
1103
1105
1106
1107
1109
1111
1112
1113
1114
1117
1118
1119
1120
1122
1123
1125
1126
1127
1128
1129
1131
1133
1134
1135
1136
1138
1140
1142
1143
1144
1146
1147
1150
1151
1152
1153
1155
1156
1157
1158
1160
1161
1164
1165
1166
1169
1170
1171
1172
1173
1174
1175
1176
1177
1178
1179
1180
1181
1186
1188
1189
1190
1193
1195
1196
1197
1198
1200
1201
1204
1205
1206
1207
1208
1209
1211
1212
1213
1214
1215
1217
1218
1219
1220
1221
1222
1223
1224
1225
1226
1227
1228
1229
1231
1232
1233
1234
1235
1236
1238
1239
1240
1241
1242
1243
1244
1246
1247
1248
1249
1250
1251
1252
1256
1258
1259
1261
1262
1263
1264
1266
1267
1268
1269
1270
1273
1274
1275
1276
1277
1278
1279
1280
1281
1283
1285
1286
1289
1290
1293
1295
1296
1297
1298
1302
1303
1304
1305
1307
1308
1309
1311
1312
1313
1314
1318
1319
1320
1322
1324
1325
1327
1332
1333
1335
1339
1340
1342
1344
1345
1346
1347
1348
1349
1350
1351
1354
1356
1357
1358
1360
1361
1363
1365
1366
1370
1371
1373
1376
1377
1378
1379
1380
1381
1382
1383
1384
1385
1386
1387
1388
1389
1392
1393
1396
1397
1398
1399
